0 0.328924 0.154321 0.155203 0.238095
0 0.525573 0.183422 0.121693 0.197531
0 0.070547 0.149030 0.093474 0.149912
0 0.133157 0.088183 0.056437 0.074074
0 0.271605 0.055556 0.114638 0.104056
0 0.432099 0.085538 0.086420 0.121693
0 0.547619 0.067901 0.098765 0.086420
0 0.618166 0.059965 0.056437 0.088183
0 0.681658 0.094356 0.074074 0.086420
0 0.812169 0.119929 0.116402 0.190476
0 0.922399 0.208113 0.142857 0.194004
2 0.049383 0.370370 0.093474 0.373898
2 0.188713 0.386243 0.153439 0.433862
2 0.352734 0.557319 0.308642 0.578483
2 0.543210 0.493827 0.164021 0.426808
2 0.889771 0.568783 0.208113 0.495591
2 0.798060 0.427690 0.222222 0.428571
2 0.702822 0.270723 0.134039 0.209877