0 0.201940 0.178131 0.176367 0.338624
0 0.641975 0.058201 0.097002 0.112875
0 0.897707 0.065256 0.104056 0.112875
0 0.642857 0.407407 0.098765 0.116402
0 0.897707 0.399471 0.111111 0.104056
0 0.618166 0.737213 0.095238 0.109347
0 0.865961 0.733686 0.100529 0.105820
2 0.258377 0.645503 0.377425 0.606702
2 0.624339 0.228395 0.164021 0.231041
2 0.878307 0.236332 0.142857 0.211640
2 0.656966 0.561728 0.158730 0.227513
2 0.883598 0.567901 0.174603 0.215168
2 0.644621 0.893298 0.204586 0.209877
2 0.888007 0.890653 0.172840 0.211640