0 0.673721 0.394180 0.079365 0.118166
0 0.416226 0.221340 0.072310 0.114638
0 0.296296 0.290123 0.061728 0.089947
0 0.200176 0.270723 0.067019 0.114638
0 0.258377 0.432981 0.074074 0.118166
0 0.458554 0.477954 0.075838 0.130511
0 0.049383 0.586420 0.097002 0.111111
0 0.763668 0.625220 0.061728 0.075838
3 0.041887 0.744268 0.083774 0.158730
3 0.270723 0.589065 0.176367 0.225750
3 0.180776 0.396825 0.081129 0.158730
3 0.392416 0.363316 0.095238 0.208113
3 0.526455 0.589065 0.144621 0.155203
3 0.686067 0.566138 0.097002 0.246914
3 0.897707 0.560847 0.121693 0.225750