0 0.056744 0.583125 0.067519 0.111250
0 0.258424 0.430000 0.062257 0.105000
0 0.202304 0.263750 0.060504 0.097500
0 0.295690 0.286250 0.054366 0.080000
0 0.413629 0.220625 0.064011 0.116250
0 0.677565 0.386875 0.067519 0.098750
0 0.463172 0.481875 0.080672 0.121250
0 0.970532 0.344375 0.058936 0.088750
0 0.884944 0.408125 0.043843 0.066250
2 0.689841 0.568750 0.090317 0.232500
2 0.273769 0.584375 0.150821 0.223750
2 0.039991 0.715625 0.079981 0.171250
2 0.187397 0.394375 0.086810 0.176250
2 0.526744 0.577500 0.116623 0.195000
2 0.899412 0.557500 0.111362 0.202500
2 0.773144 0.730000 0.104347 0.162500
0 0.765252 0.619375 0.060504 0.058750